1 16 5
1 17 5
0 19 1
1 18 1
2 18 1
3 18 1
1 15 1
2 15 1
3 15 1
1 14 1
2 14 1
3 14 1
0 11 1
0 12 1
0 13 1
0 14 1
0 19 1
0 20 1
1 21 1
2 22 1
3 22 1
4 22 1
5 22 1
6 22 1
7 21 1
7 20 1
7 19 1
7 18 1
8 18 1
8 19 1
8 20 1
8 21 1
9 22 1
10 22 1
11 22 1
12 22 1
13 22 1
14 22 1
15 22 1
16 22 1
17 22 1
18 22 1
19 22 1
20 22 1
21 22 1
22 22 1
23 22 1
24 22 1
25 22 1
26 22 1
27 22 1
28 22 1
29 21 1
29 20 1
29 19 1
29 18 1
30 18 1
31 17 1
31 16 1
31 15 1
31 14 1
32 14 1
33 13 1
34 12 1
34 11 1
33 10 1
32 10 1
31 10 1
30 10 1
29 10 1
28 10 1
27 10 1
26 10 1
25 10 1
24 10 1
23 10 1
22 10 1
21 10 1
20 10 1
19 10 1
18 10 1
17 10 1
16 10 1
15 10 1
14 10 1
13 10 1
12 10 1
11 10 1
10 10 1
9 10 1
8 11 1
7 11 1
6 11 1
5 10 1
4 10 1
3 10 1
2 10 1
1 10 1
11 19 1
12 19 1
13 19 1
14 19 1
15 19 1
16 19 1
17 19 1
11 18 1
12 18 1
13 18 1
14 18 1
15 18 1
16 18 1
17 18 1
20 18 1
21 18 1
22 18 1
23 18 1
24 18 1
25 18 1
26 18 1
20 19 1
21 19 1
22 19 1
23 19 1
24 19 1
25 19 1
26 19 1





