15 23 5
16 23 5
17 23 5
1 19 6
20 16 31
2 18 1
2 17 1
3 16 1
3 15 1
3 14 1
3 13 1
2 13 1
1 13 1
0 12 1
1 11 1
2 11 1
2 10 1
2 9 1
2 8 1
2 7 1
2 6 1
2 5 1
2 4 1
2 3 1
3 2 1
4 2 1
5 2 1
6 2 1
7 2 1
8 2 1
9 2 1
10 2 1
11 3 1
11 4 1
11 5 1
11 6 1
11 7 1
11 8 1
11 9 1
11 10 1
11 11 1
12 11 1
13 12 1
14 13 1
14 14 1
14 15 1
15 15 1
16 15 1
17 15 1
18 15 1
19 15 1
20 15 1
21 15 1
22 15 1
23 15 1
23 14 1
24 13 1
25 13 1
26 12 1
27 12 1
28 12 1
29 12 1
30 12 1
31 13 1
32 13 1
33 14 1
33 15 1
33 16 1
32 17 1
31 17 1
30 17 1
30 18 1
30 19 1
30 20 1
30 21 1
31 21 1
32 21 1
33 22 1
32 23 1
31 23 1
30 23 1
29 23 1
28 23 1
27 23 1
26 23 1
25 23 1
24 23 1
23 23 1
22 23 1
21 23 1
20 23 1
19 23 1
18 23 1
14 23 1
13 23 1
12 23 1
11 23 1
10 23 1
9 23 1
8 23 1
7 23 1
6 23 1
5 23 1
4 23 1
3 23 1
2 23 1
1 23 1
0 22 1
0 21 1
1 20 1
2 20 1
25 18 1
25 19 1
25 20 1
25 21 1
26 18 1
26 19 1
26 20 1
26 21 1
27 18 1
27 19 1
27 20 1
27 21 1
