33 14 5
33 15 5
33 16 5
33 17 5
10 5 6
9 6 1
8 6 1
7 6 1
6 7 1
5 7 1
4 7 1
3 8 1
3 9 1
3 10 1
3 11 1
3 12 1
3 13 1
4 14 1
4 15 1
4 16 1
4 17 1
5 18 1
6 18 1
7 18 1
8 18 1
9 18 1
10 18 1
11 18 1
12 18 1
13 18 1
14 18 1
15 18 1
16 18 1
17 18 1
18 18 1
19 18 1
20 18 1
21 18 1
22 18 1
23 18 1
24 18 1
25 18 1
26 18 1
27 18 1
28 18 1
29 18 1
30 18 1
31 18 1
32 18 1
32 13 1
31 13 1
30 13 1
29 13 1
28 13 1
27 13 1
27 12 1
27 11 1
27 10 1
26 9 1
25 9 1
24 9 1
23 9 1
22 9 1
21 9 1
20 9 1
19 9 1
18 9 1
4 11 1
5 11 1
6 11 1
7 11 1
8 11 1
9 11 1
10 11 1
11 11 1
12 11 1
15 11 1
16 11 1
11 6 1
12 6 1
13 6 1
14 6 1
15 7 1
16 7 1
23 11 41
23 14 42
21 15 42
22 11 21
23 15 22
24 11 22
19 13 22



